1026
3260
4856
4664
3488
3168
2923
3420
4014
2531
739
4608
1675
1462
2130
2575
3412
3882
1502
127
107
3542
3828
2476
1232
3033
4003
4428
1164
2080
4358
1379
4589
3582
2414
234
3638
740
3485
3718
2291
1212
2316
838
530
459
4300
4668
203
3442
2588
3839
201
270
319
4933
2314
306
1519
2470
4880
3203
439
1840
4157
718
3860
1958
4396
1238
1449
3664
2898
1164
2140
2763
2497
4921
853
1138
1094
817
3114
2808
3689
4912
574
3884
1610
4937
222
2520
945
2919
3677
2790
1155
4112
4622
531
1759
4687
537
1616
2658
3567
4546
3034
4321
2648
456
2049
1094
4098
2173
4430
1782
3293
3588
4569
3229
4533
4891
3648
997
1880
2512
3732
1450
250
1506
56
3985
3039
4568
201
1645
914
2749
189
2
1547
4535
4787
3092
2407
2640
3882
76
3898
2730
4035
933
2692
2001
1710
3113
3817
3816
3228
2514
2966
1444
4220
1896
3310
4137
1320
3228
3389
1086
522
1353
618
430
1595
3049
3956
995
1965
4985
4990
2150
1057
50
364
2997
4207
3764
118
1489
3440
2404
201
4053
3023
2123
528
4857
2577
3840
3799
2740
2725
4972
4059
2271
3266
4225
2075
416
15
587
3002
1937
4658
3873
220
322
3209
1701
3884
1590
3102
3336
2432
2129
1226
112
4332
2571
2559
2094
1797
3370
2553
2875
2494
1179
210
4097
113
3649
1107
2220
3690
2540
1317
2918
1874
1938
3498
379
2884
625
4060
336
1531
1971
1427
4180
1518
3664
1335
1896
1026
4404
2563
840
4625
1613
294
3476
4465
4044
2505
1628
4873
1879
1877
1032
3994
393
3394
2360
2112
4705
1641
1315
899
2359
1942
550
2393
2460
3984
4635
3280
2964
386
597
2144
4662
3335
4748
210
4909
3395
1358
425
2806
1328
735
537
3443
1068
461
1009
4262
17
3137
3559
4092
794
4241
3404
809
1278
2081
3825
4135
4000
4296
415
969
2643
3516
615
4878
261
202
3439
1280
9
3325
4066
3680
666
424
4791
4845
4156
944
3814
4049
4706
4963
2380
3056
1610
4065
102
4532
2488
3268
4824
311
3154
3444
2594
3446
1632
1028
3814
2735
3243
4976
2356
702
1809
1406
4916
2966
1922
4498
1633
4587
2667
3846
2718
1343
2059
1870
3923
3474
3743
2677
4601
4885
2339
3724
2148
1593
1221
1864
2939
4809
2535
2216
848
3309
372
2368
1791
4419
3431
3537
2524
2150
3705
3490
3724
3222
534
917
74
236
2461
3050
3872
4597
2111
2578
93
4894
2668
2115
4062
4587
3537
4668
354
4767
2326
974
4638
3164
2183
10
176
3866
2812
3648
4024
2225
1895
1036
3826
1787
1739
113
102
4162
4922
397
3967
2141
4769
1521
4398
3694
1629
4483
4709
297
2022
2987
1207
1535
925
4971
1034
4150
2351
2451
124
2223
4564
2936
379
3291
1540
1619
4165
192
4545
2969
237
1199
4440
3083
459
3613
2936
1416
4578
188
3427
1908
915
4828
3478
3428
4
3911
431
670
1645
954
2287
515
549
3195
166
2593
3396
3077
520
3867
2701
1321
42
1961
494
1528
2133
2225
3554
4955
1010
2354
4372
3158
3851
3269
2787
2604
283
3846
3015
4471
1211
332
217
10
3502
1422
748
2362
3145
2039
150
4441
96
1881
3274
2245
31
590
4335
606
3476
4953
1424
208
1622
3227
4541
1950
1676
694
680
1988
261
2433
1033
4894
339
2940
1481
1043
1087
4067
2527
3223
2883
2857
3422
947
826
2976
4048
58
1165
634
2706
1165
1703
4597
387
2746
3908
30
4954
424
1515
652
4888
1118
381
3359
4509
579
237
1567
3735
3536
1091
1348
652
4693
400
3806
4997
4476
1008
3627
228
1758
3102
4094
1126
4929
3680
2489
1359
2782
3619
949
485
3392
3438
4468
2529
1800
4760
3051
2491
245
4968
1393
3266
2622
4708
1600
3457
4986
2113
818
3351
53
3685
1843
934
654
2612
2815
4928
4308
4277
875
3565
4009
3321
2963
1852
4769
4599
2204
3625
2318
1742
3152
2331
2356
3835
4330
361
3234
3281
4595
1377
1952
4693
1024
2394
895
2379
2912
4229
97
3753
3039
4082
76
2952
3439
2602
199
4865
2501
3870
1319
1248
786
4341
3243
1417
2671
1244
3874
2554
1365
4841
1819
2321
2776
651
4014
1162
3965
353
548
1127
607
4555
3659
1026
2745
1218
3348
2923
3305
320
2829
991
3113
3756
4443
4101
3986
2512
2375
4704
2015
2147
4889
1147
1040
4795
3888
3072
920
2883
999
956
3451
4377
2695
4522
3444
3058
3257
868
4602
909
639
1260
435
2130
1162
3398
4928
4283
2563
2941
3420
1761
910
3305
2489
1539
910
737
1710
2425
2190
4470
2390
4781
704
121
3285
904
11
984
3503
344
3652
4003
4444
628
3989
3663
4962
2215
1795
3408
4454
1497
4439
1043
4120
893
633
1498
366
3094
237
2278
112
1254
217
4022
2086
45
1271
4504
3769
3335
3969
4585
4220
3390
14
2703
1901
1598
2610
2314
1572
2643
4954
2470
3035
1722
2615
2807
377
3623
3051
4384
1561
958
3173
4505
493
1175
1106
624
3351
3726
4766
2048
4318
2403
4635
2741
3828
2553
945
782
4259
4274
2518
1253
19
1582
2275
2855
499
1411
708
4556
4071
4550
99
4387
240
3491
4442
3337
1021
2980
2060
379
1971
2657
659
3308
3562
2001
2269
438
4402
1838
3459
3068
4230
1109
2018
3330
2186
3509
1740
123
1194
4739
3797
2943
3239
4945
4987
277
3579
3812
2565
1002
3973
641
4908
3617
395
2551
4390
75
2628
4410
265
452
3206
1971
3897
4813
1268
4686
183
433
3961
2787
1600
621
4675
3905
1468
4030
1700
3
3166
3348
4389
3053
759
705
2216
877
1941
1773
2796
2778
3649
563
1500
3986
1427
804
1996
30
4213
1072
